6197171929
6425525488
1838614580
5518942945
1344008365
6727632840
6995883657
6038536979
767675078
1759523835
1089919792
5068455936
1059687149
6400036388
812091305
1469171079
2056729720
1380383941
7765000253
7912487319
5793784376
1461028927
610353521
6622541921
6825632771
1661836840
371194546
668541902
6885162772
6618712970
2045112733
5418918894
586392953
1073039061
1932640755
718566284
665088537
1960819083
1437847113
1012580528
644948337
1461863413
7793479324
6987856329
5297434942
1817346244
1519697343
5264656799
942099338
5205542681
6857478815
1151229099
6855753886
7717755935
6769532591
1402865184
1949505579
776053747
1251496328
6004780197
7427073645
6709032684
1753794648
5661384438
6427389901
7328775311
1851637448
6667844972
5820351915
5515376132
1442542886
1323131029
7491898895
1409439998
7029984961
6779573353
5577344920
7751549568
6835643516
7182720365
7623366896
6103594386
1387091059
1928658773
6068123763
5082621903
1149893073
7815085657
8055205127
5499692322
1641817608
6174747478
6063465981
5003323478
6699122760
6022685645
7824390717
6130387803
7561076640
7787616817
863904448
1845238839
866485299
5684323504
7580218773
970606841
1806416971
6490057144
7117708410
6993174493
854380131
1068619919
5036239744
5716054022
1641017620
587710224
1749399833
6815644765
1623951211
5206855418
5961338676
1736380111
674056670
6275883388
6236378024
1003628327
1209502820
357533940
5476914073
7188772041
6319001502
1372337166
5013874998
7612641216
1297195838
1814204017
1904184098
799329248
6278076743
